./ms 100 1 -t 10.000000 
62230 32030 54363

//
segsites: 53
positions: 0.0055 0.0080 0.0248 0.0407 0.0749 0.0949 0.1582 0.1650 0.1816 0.1897 0.1924 0.2005 0.2231 0.2400 0.2472 0.2786 0.2817 0.3001 0.3041 0.3435 0.3555 0.4055 0.4226 0.4634 0.4668 0.4858 0.4862 0.4955 0.5023 0.5110 0.5638 0.5650 0.5959 0.6071 0.6220 0.6375 0.6502 0.6515 0.6688 0.6802 0.6902 0.7102 0.7528 0.7884 0.8393 0.8528 0.8654 0.8744 0.9102 0.9246 0.9533 0.9575 0.9647 
00000010000010000000011100000001100000001000001101010
01101000011100010100000011101000000010110001100010001
00000010000010000000011100000001100000001000001101010
01101000010100011100000010101000000010110101100010001
10010000000000000000011000000001100000001000011101010
01101000010100010100000011101000000010110001100010001
01101000010100010100000011101000000010110001100010001
00000000100000000000011000000001100000001000001101010
01101000011100010100000011101000000010110001100010001
01001000000100010100100000101000000110110001000010001
00000000000000000010011000000001100000001000001101010
01101000010100010100000010101000000010110001100010001
01001000000100010100100000101000000110110001000010001
01101000010100011100000010101000000010110101100010001
01001000000100010100000000101000001110110001000010001
01001000000100010100000000101000000110110001000010001
00000000000000000000011000000001100000001000001101010
01001000000100010100100000101000000111110001000010001
01101000010100011100000010101000000010110101100010001
01101001010100010100000010101000010010110001100010101
01101000010100010100000010101010000010110001100010001
01001000000100010100100000101000000111110001000010001
00000010000010000000011100000001100000001000001101010
01101000010100010100000010101000000010110001100010001
00000010000010000000011100000001100000001000001101010
01101000010100010100000010101000000010110001100010101
01101001010100010100000010101000010010110001100010101
00000000000000000000011000000001100000001000001101010
01001000000100010100100000101000000110110001000010001
00000000000000000000011000000001100000001000001101010
01101001010100010100000010101000010010110001100010101
00000000000000000000011000000001100000001000001101010
00000000000000100000011000000001100000001000001101010
01101000010100011100000010101000000010110101100010001
00000000000010000000011000000001100000001000001101010
00000000000000000000011000000001100000001000001101010
01101000010100010100000010101000000010110001100010001
00000000000000000000011000000001100000001000001101010
01101000010100010100000010101000000010110001100010001
01001000000100010100000000101000001110110001000010001
00000000000000100000011000000001100000001000001101010
00000000000000000000011000000001100000001000001101010
00000000000000000010011000000001100000001000001101010
01001000000100010100100000101000000110110001000010001
01101000010100010100000010101000000010110001100010001
01001000000100010100000000101000000110110001000010001
00000010000010000000011100000001100000001000001101010
01101000010100010100000010101010000010110001100010001
01001000000100010100000000101000000110110001000010001
01101000010100010100000010101010000010110001100010001
01101000010100011100000010101000000010110101100010001
00000000000010000000011000000001100000001000001101010
00000000000000000000011000000001100000001000001101010
00000010000010000000011100000101100000001000001101010
00000000100001000000011000000001100000001000001101010
01101000010100010100000010101000000010110001100010001
00000000000000000000011000000001100000001000001101010
10010000000000000000011000000001100000001000011101010
00000000100000000000011000000001100000001000001101010
00000000000000000000011000000001100000001000001101010
01001000000100010100000000101000000110110001000010001
01101000010100010100000011111000000010110001100010001
01001000000100010100000000101000001110110001000010001
00000000100000000000011000000001100000001000001101010
00000000000000000000011000000001100000001000001101010
01001000000100010100000000101000000110110011000010001
01101000010100010100000010101000000010110001100010001
01001000000100010100100000101000000110110001000010001
01101000011100010100000011101000000010110001100010001
00000010000010000000011100000001100000001000001101010
01101000010100010100000010101000000010110001100010101
01001100000100010100000000101000000110110001000010001
01101001010100010100000010101000010010110001100010101
01101000010100010100000010101000000010110001100010101
01001000000100010100100000101000000110110001000010001
01101000010100010100000010101000000010110001100010101
00000000000000000000011000000001100000001000001101010
01001000000100010100000000101000000110110001000010001
00000000000000000000011000000001100000001000001101010
00000000000010000000011000000001100000001000001101010
01001000000100010100100000101000000110110001000010001
00000000000010000000011000000001100000001000001101010
01101000010100011100000010101000000010110101100010001
01101000010100010101000011101000000010110001100010001
01101000010100010100000010101000000010110001100010001
00000000000000000000011000000001100000001000001101010
01101000010100010100000011101000000010110001100010001
01001000000100010100100000101000000110110001000010001
01101000010100010100000011111000000010110001100010001
00000010000010000000011100000001100000001000001101010
00000000000000000010011000000001100000001000001101010
01101000010100010100000010101000000010110001100010001
01001000000100010100000000101000000110110001000010001
01101000010100011100000010101000000010110101100010001
01001000000100010100100000101000000110110001000010001
01001000000100010100100000101000000110110001000010001
01101000010100010100000010101000000010110001100010101
00000000000000100000011000000001100000001000001101010
01101000010100010100000010101000000010110001100010101
01001000000100010100000000101000000110110001000010001
